0.165808695154216
0.134399315046856
0.269771310865599
0.303078575620435
0.326492147808729
0.256450407094529
0.330867826261648
0.346748452425353
0.26718741219728
0.276234237384563
0.370217667724702
0.534079884644157
0.533336008521895
0.490354692918998
0.392190600054337
0.900350466934471
0.387338155085656
0.409073263912674
0.432979964285115
0.181059376376994
0.203043147148368
0.292325693810163
0.261015458669711
0.219657867132899
0.187738198192529
0.205937787557182
0.134751828620787
0.170447140743653
0.101618658276246
0.242022505916277
0.101497458983942
0.145576206977064
0.452256457888179
0.941152288252209
0.659313879767608
0.297283553985807
0.338531908317583
0.478311332738676
0.432987541200086
0.199136389384873
0.363006782228731
0.182140330615193
0.132846103258585
0.374229694876517
0.271205012333751
0.290803348891257
0.285145518894626
0.356570472832688
0.347624719352749
0.292995641347496
0.149176490805607
0.100683828720232
0.0900992887902567
0.043413172658313
0.161499209517964
0.0779599182156603
0.0974638947262879
0.197321270512521
0.999636744114867
0.999674072841886
0.999700550799233
0.999796546488671
0.999726190613917
0.999626390645353
0.999683109828426
0.999679390855755
0.999790072656453
0.999653545541818
0.999788688167635
0.999307337573248
0.998629402677372
0.99780420956457
0.998346797715995
0.999749599014236
0.999332847164148
0.999716349028271
0.999738466409541
0.999814184929408
0.999850868662496
0.999785032772341
0.999808539483534
0.999704530316958
0.999816412264257
0.999829709689299
0.999786049543657
0.999741987977319
0.999712908695664
0.998711315750726
0.99887843927133
0.998558526005688
0.998234070824896
0.998619953403314
0.999052890611875
0.999173680020943
0.998575030392087
0.99882162892607
0.998856533633892
0.998957164671523
0.998825882486147
0.998979140591997
0.998364986394346
0.998876465391725
0.998665126220613
0.998596855364678
0.998577834075453
0.999098743103831
0.999011510331319
0.998856809584481
0.999174962783344
0.998922449259966
0.9990213484392
0.999148293866459
0.998647615619582
0.998641578208864
0.996749780424512
0.99812854957157
0.946400563816058
0.956662993823998
0.472063513234666
0.901300628892907
0.858900944367935
0.768125241012519
0.80825371470581
0.779941971421888
0.512745242463805
0.558122774767717
0.524967443054171
0.345897269145854
0.321823952524566
0.462607275328144
0.459166533199001
0.591640807230066
0.944125062494729
0.974135364201665
0.724447805889936
0.961397962520062
0.517635363484739
0.869811170630493
0.778263142440947
0.562645919892053
0.579497794643032
0.350207479059176
0.247070915049966
0.222024770515851
0.432807496198165
0.459171723760682
0.415052882995045
0.78456494295966
0.947756471948999
0.992493023800699
0.93420028298949
0.987605708317794
0.968602059320468
0.974036645685617
0.948377430001958
0.989190770424653
0.977377406605333
0.808545568228626
0.787077420450713
0.521019392916357
0.903919317422761
0.599820119996783
0.993999878241202
0.984382522478195
0.979428644495973
0.967108797789535
0.959322593112867
0.987236183305706
0.967062771552444
0.988273686387966
0.996337725681923
0.995837383837794
0.991836817193125
0.960636409003434
0.999740664220237
0.999825864525531
0.999686132576579
0.999621506029062
0.999198053328049
0.998811574744493
0.998799898741814
0.99957740942729
0.999582223812715
0.9998228095998
0.999902792532227
0.999815670053705
0.999884086691172
0.999587486757978
0.999851487047853
0.999265124060604
0.99882017752161
0.999489096030517
0.998631125704904
0.998995672309197
0.999360708347224
0.999417401507024
0.99928684881297
0.998704270739254
0.998232255232502
0.998988728743038
0.999319539454786
0.99947549893327
0.998423963695407
0.996413465957167
0.981451698652235
0.923529171923196
0.906733129118967
0.901197463182263
0.921820304728477
0.937157097404956
0.970732523073218
0.996789070938203
0.928490730074524
0.970250764117909
0.971537163900381
0.944655376420372
0.976923330825584
0.972057863353748
0.859899173161813
0.980620026055234
0.981257514098616
0.971036915705297
0.957549504939063
0.961350982340607
0.990886644081976
0.987153406840066
0.96892628243511
0.978162002101159
0.979007170994565
0.979317764836336
0.919080008762701
0.958194534053712
0.0680020640812082
0.172896164422312
0.870023942534095
0.801998946187952
0.897408731536178
0.91256816163484
0.823032694011563
0.867419548250033
0.861652547805434
0.93208774281838
0.93682798041745
0.946618469479107
0.241717427855908
0.178149557702446
0.813182428808128
0.81925768929898
0.680293589453665
0.987247753606922
0.870292556702405
0.981743114091745
0.925065842157609
0.938375456599766
0.934575657204419
0.975486136976227
0.965871235267339
0.985682514662771
0.982002755339054
0.975795362109531
0.998592013024991
0.757483576690999
0.879155312697034
0.891770343647231
0.752778819280264
0.0556008654235529
0.533517027727282
0.71919876089542
0.800680515467373
0.919218450826807
0.949904087300559
0.95953229114322
0.960358016093781
0.947870040002651
0.708318374507984
0.63113804653481
0.689765769936977
0.62765446457058
0.151526623733406
0.23087909722999
0.373232066024474
0.541818863466969
0.60573211169872
0.551511453308666
0.471642876685784
0.336066438133978
0.314553887917914
0.16305526356554
0.118297578809592
0.293495080269266
0.995410869876187
0.969236587754694
0.898555653944316
0.985803437706732
0.995524803431747
0.98001974872429
0.874611766718566
0.893546257596067
0.822811257809716
0.831856646366947
0.955647975419613
0.998805993208301
0.998380957764202
0.99697057941369
0.999007396753711
0.999424907016256
0.999714328767874
0.999238549122065
0.999144745385909
0.998142209746016
0.999595605836402
0.996586508607592
0.993368532906634
0.993337916917596
0.996425004584151
0.990560378876043
0.998814832734665
0.998919887796845
0.991725691855154
0.506253584235547
0.834653442627926
0.999739980306366
0.996680731907005
0.996163140105847
0.998440578340821
0.996529807398034
0.997706535439686
0.998425935752896
0.98327820379287
0.99698291093375
0.998203887263746
0.997903134984984
0.995584471549443
0.967844598561975
0.9877186930225
0.992457573174856
0.998877535671711
0.999805196831018
0.997529963490418
0.994672537199071
0.991141759199645
0.996121066067557
0.997080800066412
0.992141131322157
0.994709849601916
0.996827615182776
0.990688876398696
0.908222436223915
0.999768747862042
0.999813169649657
0.999923800743347
0.999657891604967
0.999791604851872
0.999817208723586
0.999409245486506
0.999433106680831
0.999884769719211
0.999860792728574
0.999812047998559
0.999857351702337
0.999882722623793
0.999793552600277
0.999898872736186
0.999842916312297
0.999893111024857
0.999892887047197
0.999662198264962
0.999692412471378
0.999645165480624
0.996652560835326
0.999508566026798
0.9997032949522
0.999581886287993
0.999626613440931
0.999752656097181
0.999485311461143
0.999557306533499
0.999126618897458
0.997474772581828
0.99824613100181
0.99843199773705
0.99895158739576
0.997913827036272
0.998016473916615
0.998723447121834
0.998547325560326
0.998353899970572
0.998046364645572
0.998843955751189
0.998796161287313
0.998596607113551
0.995925773762879
0.999157355288352
0.998782074707064
0.999146721688466
0.998693878960429
0.998902936309405
0.99870192646851
0.998931673912878
0.999067984248164
0.999034745851611
0.998922345167706
0.998800040284603
0.998969509468938
0.998843358843103
0.998181910885854
0.988844690449398
0.996667718614461
0.98623336363931
0.980165443616572
0.988508443519946
0.980790335827675
0.991624433623298
0.996733638614173
0.996259228069899
0.997972761775319
0.997486803701889
0.999015147553931
0.997019835808837
0.993621450420169
0.99587385907946
0.998078030060855
0.996745471419212
0.99624161092042
0.995890518542226
0.999348950832877
0.998777406652777
0.998614062187661
0.999003079234673
0.998247298702404
0.927530602181564
0.848039202325882
0.827275403198811
0.88046429313569
0.996893542574952
0.999769803120085
0.99969902865558
0.999800807037358
0.999750809489619
0.999762732957063
0.999635104199754
0.999569218192585
0.999266883432931
0.999791743446352
0.999638899307823
0.999580061750392
0.999772164252787
0.99965563514099
0.999789085122726
0.99966368195657
0.999759914730113
0.999694170224394
0.999796109429157
0.999771200719785
0.999710922092884
0.999567963591478
0.99970488726562
0.999788339913972
0.999776076594425
0.999782469888204
0.999722554588461
0.999721655275403
0.999662047201427
0.999804198321639
0.99495721496956
0.997810169873255
0.998940029583274
0.997360816294887
0.968081361297342
0.995933361767844
0.997919944990565
0.997878881612356
0.995572140298771
0.993232993428598
0.996299704352626
0.99710968770229
0.998956389976033
0.997444387004302
0.995374520561108
0.998646931407734
0.99902347266761
0.998335968209632
0.998726945356001
0.998261676827215
0.997186575094951
0.996835758434969
0.998522272439849
0.997006900422381
0.994582776746429
0.996051695026378
0.995232167494894
0.99806663971159
0.993611191970146
0.967623244099739
0.980277398292492
0.995494312562879
0.986336688142373
0.992740047016973
0.979465293093043
0.992363255510327
0.997212210599878
0.985492430063708
0.992877657469206
0.982206098741867
0.99562726907758
0.988615346408629
0.99262016416213
0.962411676912235
0.997170522737829
0.98192059343729
0.985603812433887
0.961797932597264
0.961860230011335
0.991932061748221
0.977012656929454
0.981174220445452
0.99253939036055
0.987817517254739
0.985944543389754
0.990067656395372
0.987674476268491
0.957762811616139
0.119074007435762
0.34170297816024
0.0865281549978668
0.0847969221321513
0.064133899482084
0.0706913562658558
0.0515022352649653
0.0867676553663776
0.0749139007391111
0.177975999166451
0.343658196583686
0.499721626855087
0.633072896373887
0.264340275399797
0.175569527365499
0.253224481212953
0.101516713824705
0.108159972098061
0.189503293254541
0.174039204390594
0.267613857537245
0.307365392047249
0.32921654524006
0.318475403032964
0.220083596565204
0.140462596829281
0.100489576023982
0.164204009907827
0.26458020449905
0.51084861163813
0.638684862538599
0.157655220423902
0.132088761412795
0.189862142053799
0.103467963788105
0.1295084046262
0.244149081978513
0.0980963933892533
0.165059578552005
0.374030278379392
0.522975359872012
0.729320574306575
0.653078581841589
0.771674031628255
0.761816395739469
0.931299800234599
0.905999896397457
0.808071819805432
0.213910161288458
0.766221352378081
0.930770089075716
0.886527194611331
0.828212978902657
0.790988911436195
0.699641206252043
0.845393124706252
0.878061233676624
0.42101970155932
0.999121149967899
0.997671129385805
0.997819576023878
0.996192652483687
0.998186199223275
0.999519395295205
0.99935169902048
0.999177918978156
0.996869513539246
0.995238673892347
0.996139573286052
0.998583122680029
0.9982330882823
0.996560525402884
0.996929565135635
0.997063359419081
0.99860480365523
0.996624237116207
0.999069612337944
0.998453333256229
0.998883194395478
0.997180289035622
0.99927848965751
0.999180015227321
0.99919015105492
0.999147030638411
0.99842526568106
0.998480362003952
0.998805964928309
0.99921723348049
0.99930234211992
0.999030981415004
0.99928012623264
0.999369320494606
0.99948985877825
0.999365478841074
0.999201557945827
0.999298118637043
0.999384828652716
0.99926020766046
0.999328300686158
0.999409696263001
0.999373934399994
0.999487392663918
0.999359623023959
0.999491569891414
0.999232564464042
0.999216774506837
0.999256951151547
0.998937707983665
0.999274698265773
0.999342124182409
0.99928856005241
0.998476587226961
0.999279619728851
0.999412563737686
0.999446725742311
0.999505403692466
0.64014242539735
0.102717525778335
0.0206332777082888
0.0308810723153794
0.207893622791123
0.400094954010408
0.0688404222750043
0.227698779447535
0.661220869221662
0.0937034361134786
0.574913702884409
0.686275121073108
0.698448833737637
0.815654575311028
0.880691897627853
0.925445124692079
0.920295338686121
0.677857349433122
0.990315942044514
0.986808954066148
0.968115049780975
0.98625924214049
0.983973103381226
0.992532092389148
0.992936378660432
0.987015131705527
0.971530280554512
0.978132117155891
0.996146916474036
0.282432372050759
0.0633026152457578
0.0399731030175016
0.100097433839858
0.500168511453309
0.214811699103995
0.274068433431744
0.101577885913955
0.285889847839388
0.586024403842742
0.059253461965256
0.601961950138709
0.482978066273646
0.904084055958256
0.5101815316404
0.917527868228235
0.950914923772556
0.834219679541786
0.16696724435754
0.20732099497673
0.164539957528535
0.680026735560467
0.350846464862694
0.346972816519977
0.227113563509284
0.308766497604674
0.326280752777496
0.348507662334568
0.381614919074832
0.997259477961923
0.954949669498697
0.987602672870912
0.979236096088747
0.938901268680868
0.931492900700486
0.958503811235343
0.962588772129942
0.732585930550456
0.923577240300518
0.936791125618671
0.917287391045643
0.911916185908185
0.821732665283959
0.915929335783584
0.871232139511388
0.888962135016384
0.956093340461551
0.6317011729449
0.178422385377543
0.20947904930502
0.525344261457926
0.67592193970982
0.890068389341689
0.944447992412582
0.934919928658078
0.672961907054719
0.490373796158156
0.343007247379367
0.996223802484774
0.991461128804009
0.992087663935691
0.994502693928325
0.994541515252618
0.996442478813297
0.992686667440841
0.99504661145056
0.954010553270846
0.987099784083201
0.993638626766111
0.994383643403747
0.993546929844309
0.985197164060581
0.977157960637342
0.99610342087837
0.997091119985203
0.993264896910571
0.996071446726335
0.995924852304711
0.990606592263843
0.997469599145644
0.99539924168166
0.997567354189124
0.993182940598196
0.994137319206126
0.993193935010181
0.992789922904852
0.993405712002984
0.80687429523299
0.84143006977372
0.977797170758411
0.999425325059325
0.979766811389181
0.947383213907134
0.889256085078165
0.685273908925923
0.738167775122367
0.926137404502465
0.997307195880991
0.970822477121156
0.997153109789322
0.940354201578616
0.994705744394364
0.983620286666066
0.11464460118104
0.152334631014325
0.76184774775501
0.77991727053686
0.942622917899618
0.996470866622546
0.976691572836944
0.970208502646711
0.832364864640454
0.934028128414588
0.21009449101547
0.928781566334685
0.733970637567182
0.963492756836923
0.815528565674086
0.582990784743057
0.81702125627929
0.941597344986465
0.957699877528243
0.853028114008916
0.798885205348687
0.837829642574826
0.878575227443204
0.829229040522917
0.745877301827796
0.794341567654641
0.804460285069843
0.841273122972164
0.903832219659213
0.96152055024099
0.872967214430622
0.947435742642057
0.950249598059991
0.919104422973998
0.936879425035749
0.960596865421407
0.891991545594216
0.739982940909388
0.756854835566237
0.822931597371707
0.898055596961242
0.681597706517439
0.305927089788299
0.48617999518769
0.396065018959152
0.213623443650924
0.354744596822231
0.482549231649734
0.49976280519438
0.604279149495083
0.860948527022628
0.793296460306504
0.872994794079593
0.883840872826788
0.80892743324288
0.996558235090623
0.936762336434415
0.83281986667328
0.831487334030026
0.0436738928585876
0.734439324946964
0.219551693273022
0.837051097959904
0.85795350244276
0.832377305978738
0.897434736844867
0.765890542830534
0.950916225183873
0.861364421470917
0.915613015864682
0.880086035377913
0.328343997482088
0.31650277319338
0.128237758193361
0.0128967560399816
0.0181841728583394
0.0514260597607596
0.885674944674711
0.996800897372708
0.649579743815422
0.161489115162131
0.0952362844134622
0.310137295844217
0.621316807980842
0.515872263785424
0.598478707675259
0.669063546629892
0.584876626403979
0.277116422731201
0.340105498804509
0.353421918899348
0.683270508126471
0.682956227772898
0.400914471545741
0.153716520618904
0.0293365916020683
0.257809973853694
0.00862755617338025
0.341478198028758
0.104126621483146
0.995586444749553
0.998914836371917
0.998617132706327
0.99894922919559
0.998471758827747
0.998231334666837
0.998866002663466
0.998140833217363
0.997019662134216
0.996172080598047
0.99771123458549
0.998308268169301
0.998240344215153
0.998235922232488
0.998879561249158
0.998935522982597
0.999616607365404
0.999619679062417
0.999555545503756
0.99968731241407
0.999507450238885
0.999287647522821
0.999321100774405
0.999567483179408
0.99899065619935
0.999433816613394
0.999715085766814
0.999640165637403
0.999508161171398
0.998844507543343
0.998406922427592
0.999281684601762
0.999286487215322
0.99916390623243
0.998037843685043
0.998576475896519
0.998086650369049
0.998613415145326
0.99881236862848
0.998868267177797
0.9990202860608
0.997583632626616
0.998087815901953
0.99840091011061
0.998637891358773
0.997751706020928
0.999091119838053
0.999132542712415
0.999048766219059
0.998964189083576
0.998477010178698
0.998804444978554
0.999258022233041
0.999041575393557
0.998614751546635
0.998961855294025
0.998258907836151
0.998695014757528
0.998826363845242
0.998084121581452
0.998945894824527
0.998075479020127
0.998003853139603
0.996873009231404
0.992727608817551
0.999072926479004
0.999193736058023
0.99787516065562
0.999604426480149
0.99959168173807
0.985984137979705
0.993455424622874
0.999446197487301
0.99929196206285
0.997132321110892
0.999238009485276
0.999529765094128
0.963021711611124
0.999655671326166
0.998443531732989
0.997279402318944
0.998752543317037
0.99976734891133
0.999393575631913
0.998625293738948
0.992415253108031
0.998855227198993
0.999543743059034
0.999812520528333
0.999850682969668
0.999836760358906
0.999628755756588
0.998505192681358
0.998905974391122
0.999107155446888
0.999009087053412
0.999479789240749
0.998152037954214
0.999638536964409
0.999160438261408
0.999373348359769
0.999766774379986
0.999299618160751
0.999833520233224
0.999419687306353
0.99945217556952
0.999523378561751
0.99947210365908
0.999401198254221
0.99972360262503
0.999466548528253
0.999606039746964
0.999777198949443
0.999898115778755
0.999720810846358
0.999683772440157
0.998253412964278
0.997414822719406
0.997146990774277
0.985542459070377
0.99250382210414
0.995826212672134
0.999026875868815
0.916577994483895
0.946687015054624
0.948986567490742
0.976350920005685
0.983381066418616
0.89137358281307
0.890989159159818
0.958908347053212
0.921698652869047
0.577636970943944
0.37860032674787
0.560873223852178
0.26793119768716
0.334120004339812
0.20243847286419
0.894100798559412
0.981481882413124
0.87913466093041
0.978552818277389
0.994384541189878
0.996393615317148
0.992425870380586
0.954226619288447
0.944313923959361
0.979959263347159
0.988208817831893
0.984100875881945
0.993558420583701
0.979258447114635
0.994261073990703
0.984279989318471
0.991661023521353
0.987085468455982
0.995477652270128
0.982591489630473
0.991538917727927
0.985113031365737
0.972708503232951
0.99172541110912
0.989176457793481
0.987923552465956
0.990499153837566
0.98972098807327
0.993674049433805
0.980088881163871
0.975004929740143
0.986995615547604
0.99392908599504
0.98291172954063
0.991974144807869
0.990016123160006
0.564268828919676
0.32759206849346
0.211148356062171
0.414256403534466
0.426068670676942
0.712551816033441
0.738438302867203
0.872523839645343
0.615408068520094
0.158317633340561
0.155324167389496
0.229194047809075
0.284520287752409
0.465267673190401
0.522128514426388
0.873723285787892
0.857294187235735
0.422659753894225
0.52777345591829
0.649304013880144
0.793740571895828
0.594593064713373
0.595167497201798
0.285620641128758
0.31585749537412
0.526807766130246
0.6301571413042
0.746620816635127
0.838758415064777
0.429227920290696
0.70418021725852
0.894420425335281
0.959156701027425
0.916004005874425
0.121416155181954
0.223963855144175
0.264876722402899
0.697636459971733
0.580012434761839
0.491837830951016
0.576538533261154
0.274894585996186
0.18667195190894
0.938316028686202
0.882914620308402
0.449398306650047
0.932036499807649
0.752228444275433
0.915848627793669
0.705266449549353
0.810391691457644
0.973388815350748
0.938446835602943
0.89507366018638
0.428028341866791
0.99789687559177
0.992422284528044
0.495902740674793
0.999734643011931
0.999619634405793
0.999732110118883
0.999689077626936
0.9996486990652
0.999618586493943
0.99963800245075
0.999683802765299
0.999552104407444
0.998226257472568
0.998449177734905
0.997870790613191
0.998022247575828
0.999124026183896
0.9995988865799
0.999773518154202
0.999545383780783
0.999599914340124
0.998929748331439
0.999689009559795
0.999702747205415
0.999690944506342
0.999576462850788
0.999713967787951
0.999745299496015
0.999758359464318
0.999785093149699
0.999595780221888
0.999682889490221
0.999461164517253
0.999393129348428
0.999386754282088
0.999376225379659
0.999397662392526
0.999469437868164
0.99939671246463
0.999529038789646
0.999587912111792
0.999457112307556
0.99927257649633
0.999498510953269
0.999601234625555
0.999473331011033
0.999512334971034
0.999494400235888
0.999532460550923
0.999386808294698
0.999433187464649
0.999440935095107
0.999280229161779
0.999456476756243
0.999429863173442
0.999498229002594
0.999521287950244
0.999316600269907
0.99957165911363
0.999292156411331
0.999605600311043
0.978926570423388
0.977828516323286
0.994403352091509
0.988647667645919
0.991230267436108
0.98243409219444
0.699950146373064
0.951015011161486
0.99375003037294
0.963520009867969
0.300733911653222
0.880887866888275
0.933415017276936
0.982592605182443
0.984438944737326
0.974849177429213
0.98916781937773
0.974898838880781
0.949525858917472
0.990104299399208
0.726239682608771
0.0727380240415979
0.0522290419219635
0.11146949137972
0.112377459233465
0.991213856186714
0.996905586993176
0.975018288316775
0.990281816985445
0.993910843292392
0.969455850428234
0.970231061054041
0.990388654886514
0.993338732745082
0.996027578110301
0.977892828687209
0.996704384463447
0.990587181666309
0.965058918317019
0.990621198540792
0.96113284837463
0.992056239009759
0.991767470155219
0.998204943844795
0.993480202192389
0.984053559295462
0.98668919603473
0.983836228117313
0.986310650664355
0.995451438161479
0.997337840064966
0.999853024487057
0.945085280300394
0.979799184342465
0.760133422497769
0.978777642762489
0.997264197790896
0.896227597590473
0.951639075699984
0.952610006348376
0.828751124912352
0.832245131200042
0.973576490161169
0.995680607625103
0.999706755953052
0.997315816411907
0.998741915207719
0.999152512626966
0.999878522186675
0.999758930491306
0.999800839848545
0.99975183013468
0.999737438557812
0.999860241554648
0.999827037518884
0.999973430284073
0.999951053293946
0.999942744378686
0.999963490538077
0.999868398409647
0.999927251206402
0.999941406879032
0.999960444051413
0.999946968643554
0.999966488999366
0.999948181256884
0.99984565446653
0.996630009471805
0.998808462469802
0.998170037553166
0.998575651152324
0.99894208524469
0.998812535192008
0.998646979101558
0.997282081990045
0.995965214947301
0.999128732202949
0.998041343627875
0.997142050434606
0.998726478276969
0.996890100637202
0.997439810073962
0.997273728524303
0.998633713053863
0.995442169536993
0.997335156545543
0.998330864194761
0.997568234804529
0.99884602875886
0.998907749589012
0.996309264869673
0.982702331255376
0.96971990561735
0.751699610543958
0.943398679339693
0.997411701769072
0.933859806129898
0.683593342919804
0.877771114553331
0.776558567347395
0.637585611067504
0.638683103136635
0.699678555375044
0.746228530683009
0.818035635415201
0.650137926426427
0.733588850579161
0.822271612009436
0.689535000909439
0.819456708812606
0.833901557230837
0.767044039696227
0.813179811224652
0.748352454163886
0.794089009799586
0.843173355045612
0.797066091113952
0.9997967535848
0.997450666941939
0.802039625893903
0.659021097516471
0.694473587692586
0.719361490278742
0.701188523686465
0.889764509241564
0.983158418456513
0.982017872050027
0.999519852560428
0.999085957138123
0.862360783282319
0.95205042194888
0.880785318193771
0.896126174766336
0.93668828633587
0.947641903869966
0.802637372770713
0.945809868554151
0.944453514733297
0.943106616551038
0.884426570166216
0.833951768792456
0.956121385491204
0.846930556832544
0.600842110065964
0.742669041838186
0.784406810776707
0.893283697765434
0.783740961226268
0.414431992105197
0.691122852350157
0.814115713652628
0.689544555825208
0.740537025254321
0.906016994549369
0.978159495837391
0.934933684549282
0.73110208634551
0.963258022220774
0.765921586833563
0.862924101850065
0.778608838142928
0.877985475105053
0.92060720643639
0.949566738064632
0.979375903347443
0.915339096289089
0.82656342545908
0.881420204722324
0.959387586396578
0.299480703197781
0.412551524194662
0.271639192466873
0.961957481879758
0.693304292914078
0.992995972801447
0.537922017371641
0.573671334761658
0.727724156630713
0.977721184971229
0.836746179683816
0.886376220265861
0.868013763757213
0.932841571949042
0.509642212939886
0.0712155444555422
0.941280951686813
0.673066913700876
0.788154608765629
0.75575895004512
0.873124593424023
0.827587672525012
0.999127462525641
0.993505322872811
0.865654487701204
0.772888709124031
0.76153984061814
0.945007417759752
0.928653798820851
0.972528393873748
0.963688392935391
0.923736057525548
0.818430401621396
0.877613278197214
0.922973203259839
0.966794697180545
0.835881035054099
0.965143114903016
0.999806572074134
0.999830809357252
0.957816381087743
0.899559034104021
0.954118313695244
0.99948532963258
0.99978536565034
0.999886557498835
0.99985319395017
0.999808891556331
0.999815025031983
0.999690433604339
0.999598624177717
0.999953702577375
0.999792675650197
0.999815332192147
0.999892133048202
0.999920445946584
0.99992511021644
0.99992810966161
0.999594170607389
0.999624880746315
0.999796587696166
0.999833843529825
0.999712793755691
0.999732425133021
0.999788953413016
0.999843827252627
0.999777425687199
0.999908961210086
0.999648132743049
0.999608341112644
0.999755685311093
0.999792781216532
0.656735898343507
0.998706988214289
0.999030153436527
0.999047997436139
0.999057610431189
0.998741045933792
0.999017978504871
0.999200748143949
0.999069443318964
0.995377072330752
0.998986175523913
0.999182085054992
0.999236261876234
0.999200073453865
0.999091832062333
0.999065650698979
0.998886907365063
0.998477468020746
0.998752881628662
0.998999877122172
0.999016136679084
0.999118335467631
0.999366346967192
0.999048971334436
0.998958071421017
0.999097385939895
0.999092670658705
0.998817440111448
0.999218244095037
0.999212211486354
0.999035424394139
0.999468736810715
0.999412127324975
0.999436928818116
0.991624888273744
0.999652992844994
0.999602644161435
0.999719516143829
0.99907252796546
0.999687965553215
0.999664056954517
0.99918616986934
0.999596155828159
0.999240577256325
0.999486512962146
0.999481404852366
0.999506302750632
0.998026728197217
0.999658505945564
0.997600389659696
0.633617563748586
0.995789396995326
0.999310137027891
0.999313722673636
0.999390368398136
0.999389581771507
0.999495874371992
0.999285726913961
0.999272916424409
0.99955677029495
0.999769770216685
0.999665952361732
0.99969601474904
0.999462663833067
0.999227872107694
0.998665571262223
0.993113851742582
0.99626397381126
0.996488494552238
0.998659674081235
0.9994793396938
0.999813746211816
0.999837639680631
0.999858748862574
0.999890309972608
0.999836147167423
0.999812014361944
0.99984684949709
0.999772551939899
0.999772635679381
0.999842399087911
0.999890660534432
0.999724145356725
0.999802910948723
0.999844295826527
0.999714092078652
0.999855856737247
0.981461216968095
0.997219735568742
0.999147115016406
0.999059755825207
0.999331085140524
0.989843678932401
0.996856891035981
0.999173188566655
0.998701926920658
0.998884420054048
0.997228457966196
0.99901046817193
0.998480005030812
0.997079895074936
0.799561217227212
0.992792997285798
0.999326406562724
0.997547887165652
0.99801743423328
0.997536509715371
0.99783178284162
0.999213043943294
0.999182468519872
0.999533566732536
0.998965633829867
0.997741692730721
0.997464845894019
0.999374737342571
0.995938990163076
0.959455809962569
0.980798586647647
0.984929393653377
0.976556388135064
0.979492989710316
0.981994538266223
0.984072426638532
0.955008989853861
0.975376408583179
0.783259730114688
0.989999692684876
0.996700918089732
0.994075700142649
0.996676626414731
0.997758809560344
0.976868894588677
0.99155607705065
0.979285511967027
0.972956732255002
0.984823635697439
0.991815697291003
0.55445954901016
0.974694165939473
0.978285897702543
0.978406265837004
0.975657174139608
0.984599065025447
0.977762955628997
0.996026598800286
