0.318092489317482
0.249052090605765
0.296283323828304
0.251911900614697
0.246148234202293
0.262272084436263
0.264877794283735
0.256012544935697
0.302134480937482
0.285465542594607
0.26872318207963
0.253479228912978
0.245659304053721
0.259537206102138
0.287499989621546
0.133704908283017
0.258571611085683
0.264248059323225
0.212434902968814
0.258846475049887
0.264778385223227
0.266286803831834
0.278761991431015
0.264674770096095
0.275597476366765
0.27822151226258
0.269188635407539
0.276055501590278
0.242533447971126
0.256776122664065
0.300749941351496
0.320792130938904
0.268697668101016
0.102794168642629
0.245558831287855
0.289386070332885
0.289351501105681
0.277982525665505
0.296282193710243
0.301861697920353
0.305045684331055
0.304576943716055
0.287209315475112
0.287657653228241
0.304181933942697
0.296198685790833
0.296710808005158
0.284058112571556
0.288168424880489
0.305374982527038
0.298218764766939
0.307966913181407
0.300403437208668
0.284377448451702
0.276608548816082
0.291430612334379
0.32038931303604
0.304158052985152
0.00614756200974754
0.00546706658468244
0.00543637131821724
0.00458387304132594
0.00502507188123462
0.00591083243190178
0.00532908793542516
0.00591925976715095
0.00452974017587802
0.00551366937415783
0.00449891980791757
0.00741526477795632
0.0115394435758853
0.0147276006253434
0.013179900862236
0.00457747342466077
0.00734399052400068
0.00476289250513833
0.00466888063536324
0.00411979219921425
0.00364481824933863
0.00437745150996455
0.00417391144519313
0.00560898576726766
0.00442439178673936
0.00396473064012528
0.00421381311151238
0.00503745729149804
0.00545507323233372
0.00999535455220901
0.00879617606976127
0.00980746081205363
0.0111813636813
0.0100270406950852
0.00792324433226551
0.00757699813702579
0.0100278667218473
0.00889847884232272
0.00874008970275207
0.00845909472286618
0.00919128364172158
0.00851669040080508
0.0111461234187833
0.00917298466445578
0.00983565446599112
0.0104374776165989
0.00978787095666152
0.00796380266546133
0.00842707963028834
0.00904351874720673
0.00756609713703705
0.00856291630333112
0.00832244590780846
0.00786522097254627
0.0161418452850936
0.0161271841709176
0.0223327079486458
0.0109857672516467
0.0969851243307895
0.0793027368676769
0.258781144255149
0.138926411559556
0.175029014014517
0.206411799247599
0.170605709006757
0.186105082136624
0.256441106390475
0.243556744941003
0.247455694520144
0.236606592324389
0.233162660020312
0.219510764402373
0.247566754826714
0.182685056747574
0.104208046930627
0.0741907448317032
0.216760945691121
0.0939822565805954
0.272298837412848
0.15069817222225
0.201519646191434
0.21031738984049
0.246924416964795
0.248918843515861
0.227712853647364
0.227450392198702
0.211577457991591
0.260723112620352
0.234026730760042
0.162039015126595
0.0865794762840064
0.0357022520214747
0.112159201889149
0.0443494866852119
0.0696822732119115
0.0661193700496327
0.099178939740922
0.0523139441506868
0.064428675786956
0.155881884095217
0.17816640899496
0.227462764793217
0.135604267130255
0.237290011000142
0.034500140647258
0.0618265709815961
0.0620328736022905
0.0932640788155323
0.100947733957325
0.0607041768119324
0.0822392966887485
0.047333008633572
0.0262791680743555
0.0286304125033692
0.0392366241011414
0.0831737575011338
0.00490943690990281
0.00399739621532507
0.00555049090772324
0.00600867449563351
0.00859797266339081
0.0104859629510391
0.0105386024230725
0.00617925622962211
0.00639155886653773
0.00397190356803053
0.00290978262532462
0.00422308127912545
0.00343275505379935
0.00636855552833855
0.00381412486324408
0.00877274727427138
0.0106844654787248
0.00670365722528492
0.0109990906242349
0.00945097048921725
0.00750841267913576
0.00717202269345995
0.00781418566639613
0.0119302675205525
0.0135601598592401
0.00985230227380221
0.00814437997496391
0.00706690396729229
0.0127418178327486
0.0191057902268089
0.0418388033363183
0.113438300989954
0.107974686942651
0.117416468225427
0.104612476892336
0.0973909115291879
0.0699277811534024
0.0187942927905171
0.103937778240025
0.0679845226599746
0.0638514693095957
0.0821178653929838
0.0530296602543371
0.0704074804488927
0.115356304881997
0.0569159728740012
0.0515980236255513
0.0690945288241442
0.0830898007369168
0.0834919924866869
0.0346230467412136
0.0448102273183282
0.0684769670650293
0.0632017144137207
0.0658067918128047
0.0603815851991911
0.118346352569639
0.0877400451125342
0.250640014458037
0.290669432324802
0.15271085703515
0.175947203632381
0.133123723679675
0.121820279902648
0.172587642829444
0.159188306144522
0.178044525178662
0.119695419991704
0.113312225746913
0.106527936110728
0.255165951531553
0.226765004995731
0.160231962015558
0.18274775653897
0.209028370263149
0.043848656599374
0.138956103373013
0.0598829479911939
0.114427495033707
0.106241562744157
0.0981830570105358
0.0697170144510967
0.0885249402053008
0.0475695858262293
0.0567445057378296
0.0635043564303104
0.0165614615271439
0.237280328095638
0.122213565903797
0.122566647668576
0.242752642892451
0.240345195950348
0.257210696774897
0.189270575854952
0.171295221069025
0.121036701113152
0.104038052760356
0.0901161870064866
0.0923799566452746
0.0976196641168625
0.19015836494239
0.184997711322857
0.162950500947439
0.268521922924592
0.179777490107072
0.178795039724248
0.205975759853109
0.192134905478354
0.176835643889975
0.227285646165907
0.198183404140416
0.338695630870312
0.288956401996449
0.25721300504486
0.271094526340125
0.261448212492257
0.0232784586486692
0.0521278939322439
0.0900716744807493
0.0366551891958065
0.0237245760052072
0.0446494462203294
0.107744939246603
0.0988202071307074
0.12578635494268
0.121704103214868
0.0636620274350596
0.0130517427014759
0.0163774577211312
0.018461448835493
0.0129716561963102
0.0103144971539295
0.00803350384876563
0.0145540468469872
0.015273550111749
0.0227456042160495
0.0106776632529572
0.0298122964232165
0.0390735678783031
0.0313588560403731
0.0244859336486515
0.0388927838830892
0.0149548572612972
0.0172291076235647
0.0317785163940768
0.214160116436781
0.135243837535046
0.00475597263146419
0.0288897966111032
0.0295349324042655
0.0182083506991729
0.025970612677242
0.020182421408118
0.0193177099951666
0.0642139978181338
0.0277935831699072
0.0197900080458072
0.0220826468212601
0.0285172392131667
0.0802594614141519
0.0465639797996897
0.0404065016852453
0.0151440688160803
0.00612751122550425
0.0214639504985252
0.0336395948578917
0.0456071460574076
0.029086271693617
0.0259192238066785
0.0411855872547264
0.0296751518900033
0.0219932891142837
0.0248371490215245
0.139223508675551
0.00543932082026463
0.00440325023171598
0.0032717350370136
0.00561472467150087
0.00435655874220991
0.00480175665038585
0.00802607196451161
0.00930302651717747
0.00407410072100474
0.00486724901615079
0.00565971371249007
0.00497905388585333
0.00393882393573541
0.00534152073658707
0.00364661939274832
0.00475356540672309
0.00389391819389738
0.00393012149102955
0.00689362451607006
0.00676650542363949
0.00671062130089132
0.0155409195137092
0.0081802591326629
0.00671280390702681
0.00807073815383374
0.00767005395055578
0.00602161282540146
0.00882685335164176
0.00777210870221368
0.00783838413765348
0.0137005890587443
0.012689916478828
0.0106070353056512
0.00872793034312458
0.0122425101132722
0.0124698471518017
0.0107830987033472
0.0103544328234571
0.0109920015486334
0.011896084326503
0.00942038350585779
0.0094475901472102
0.00991410686664673
0.0164690193648704
0.00810521446112908
0.00975378286360225
0.00809231215144642
0.0107003933866965
0.00936713955689509
0.0104679081800474
0.00923589243424443
0.00888275339326761
0.00845088621053257
0.00899696252739024
0.0105005376069187
0.00981689735691467
0.0106482657365956
0.0118334518213801
0.0451954554123857
0.0213772803812453
0.0322159845836757
0.0381265925382609
0.0314751447689041
0.0373939030677159
0.0251042909869622
0.0172488316098601
0.0184254509331058
0.014366189300426
0.0197718449552305
0.0109329402946856
0.0221106108442546
0.0367681716732713
0.0249378677271797
0.0172891006001396
0.020254375640246
0.021340062540065
0.022774860525979
0.00695790585268469
0.0131186814401782
0.0186568877482514
0.0119410771153951
0.0197522243123013
0.102785210118184
0.146135573967761
0.169600756625902
0.14444354266553
0.0252172488432662
0.00431735197768595
0.00507186403128507
0.00402600761770449
0.00467202445831612
0.00477341754048231
0.00626892009764009
0.00666664721152432
0.00806329927261585
0.00429124724413787
0.0059218514759309
0.00600644454809501
0.00458864296965606
0.00628283630372909
0.00457693661693375
0.00629134592343538
0.00506904635338014
0.00565867415199655
0.00500852405316247
0.00479556545062398
0.00561611123215536
0.00863888365703079
0.00646624065520203
0.00559210566915345
0.00455170654638356
0.00481412953659857
0.00586383928018705
0.0052075648745798
0.00745489976343236
0.00492232479647599
0.0305828894282948
0.0225913218963516
0.0120704973611516
0.0196460702229565
0.0447484820517578
0.019179889885795
0.0155394447861039
0.016432133975153
0.0200505763208144
0.0291200032904598
0.0186222719239789
0.0187355785335249
0.0100787230347281
0.0167831823666807
0.0238924101613782
0.0115439428269396
0.00964169418375458
0.0144315784462798
0.0107371127007075
0.0130899599224877
0.0183139820824544
0.021446298066697
0.0117836450013022
0.0191279051472425
0.0235658220358541
0.0197735104320381
0.0233002378429587
0.0146066042179126
0.0237635589915006
0.0662152756769894
0.0379088856574398
0.0240467411559457
0.036264292645247
0.025300021981611
0.0419376894569996
0.0260728784064469
0.0172193675091166
0.0334962535190801
0.0294925399639993
0.0397568524821237
0.0209424852738449
0.0325676789038667
0.0308146200456836
0.0684158964965249
0.0185063222172723
0.0392672236486244
0.0350827163937728
0.0731184306983904
0.0552453403824536
0.0286743394140128
0.0443163993032393
0.0389749295120164
0.0262193935931803
0.0362874390538373
0.0357598350750464
0.0282408048721185
0.0339025310030714
0.0744929838154449
0.297920638940384
0.303450153431852
0.252485222495631
0.245441197516494
0.272240186515013
0.254305086688577
0.246916296261693
0.280576648532605
0.241250009444434
0.242526664815703
0.268345656067014
0.271031736248637
0.258331281702603
0.303691881917645
0.217187291793257
0.196415335511855
0.207006892601912
0.233110545127697
0.261579231582042
0.282672217399598
0.294170758985123
0.287136468195186
0.230721309999543
0.205221985067002
0.228534701590519
0.275581044963346
0.290756067736591
0.232911195232181
0.286400006092024
0.204537426563736
0.194679287495213
0.176963597354587
0.286200916804198
0.190645804884565
0.179540414722045
0.187574886451502
0.19423556457303
0.188991438057671
0.186875196534498
0.236353280407332
0.251692696166182
0.184765334749295
0.24096477604139
0.196984520997026
0.190703743736063
0.113014164638265
0.129518064291719
0.193270341112716
0.336749428668108
0.215890329297433
0.106065057389288
0.141590704095176
0.17998707237723
0.199779544031824
0.214993550041042
0.158593271575908
0.152058397027643
0.260438470476296
0.0100418630210925
0.0152471360881907
0.0156046871320893
0.019879800044056
0.0150903323379955
0.00851174241320865
0.00931576779889358
0.00973892988769623
0.0186577611792298
0.0227054820486148
0.0201114416385513
0.012523424475959
0.0135204842183377
0.0189689107914229
0.0184113003417912
0.017244026245194
0.0117564954639491
0.0197788446552164
0.0134292487659948
0.0159575456645128
0.0124099368879776
0.0184309983126852
0.00946744173225302
0.0100255340308188
0.0103761908400435
0.010216339342218
0.0151676622469718
0.0145209687449633
0.0128575067096204
0.00781551382363907
0.00730848825309947
0.00865373432424611
0.00736038627870823
0.00719798178784052
0.0062674215291822
0.00693219304754898
0.00786679669401795
0.00763269042345719
0.00670866737151453
0.00790188941778449
0.00695906799856071
0.00650062722254597
0.00711949565625685
0.00634911606356141
0.0071281290224377
0.00643298315224868
0.00852229530522688
0.0107500207872784
0.00819018880203256
0.0107288218522942
0.00753864299916689
0.00731169921335977
0.0075766242555582
0.0110935971273555
0.00780755270738759
0.00666515084968382
0.00681452813987334
0.00685688196927339
0.209723902017967
0.249279682186619
0.264338342192552
0.233779884313116
0.241558598343172
0.227788077000602
0.289727039750272
0.281731138870219
0.188407930320426
0.236486499146011
0.233930753058727
0.225424030471783
0.228010726791859
0.174885623617133
0.140640465710897
0.106128023649036
0.117995642876206
0.230865202082041
0.0431164080476736
0.0461802529360519
0.0704810236052482
0.0502033752436509
0.0547147362703262
0.0355710812426625
0.0338679887346484
0.0454614908305704
0.0555317217266479
0.0617192600317269
0.0230936885054382
0.216481215583172
0.231383500218777
0.223368509855763
0.254470874538552
0.231642557762263
0.25949882635293
0.257951483893798
0.272161609594856
0.271732835286058
0.219582273538102
0.221738809438162
0.208067320067379
0.266010513267925
0.136341079108938
0.292879251352798
0.132478788478985
0.0998843415208934
0.144627922476235
0.239857553913173
0.237232744873658
0.248555342145112
0.260271389321988
0.276722443074349
0.281709206677977
0.300001210562211
0.298354590471559
0.32413438248466
0.294951872025448
0.289249312205899
0.0238389989718342
0.0962342050742515
0.0403833707992797
0.0607821398781117
0.0932321716020636
0.0946139554444705
0.0717752844775997
0.0707472475648009
0.209998465171808
0.136081339513874
0.0934175208007263
0.114807685495106
0.119354377013271
0.157633801777677
0.121575155228845
0.135899731161051
0.120806584431662
0.0893622149050046
0.191451128997583
0.241062429752941
0.26917780801562
0.199936073069067
0.17504850885567
0.125009705743884
0.102859707749677
0.101368593785987
0.169032061711838
0.212664199215149
0.220073245822376
0.0170924307765041
0.0277411832554842
0.0265617687307869
0.021483754564115
0.0222802576944073
0.0188330891517564
0.0244144710997673
0.0231215064381473
0.0776116344777823
0.0423628613690312
0.027645893754134
0.0211611430739995
0.0250200616194542
0.0452678211239184
0.0608980957962602
0.017071551277137
0.0158923895763033
0.0300461859182898
0.0211711053772501
0.0208814084990136
0.0334286998629133
0.0139941821372692
0.0267264490272184
0.0152520613784036
0.0244930504053546
0.0308336110158968
0.0261989481826226
0.0232049528102787
0.022966823604175
0.184835335628085
0.145352836325969
0.0681561740372922
0.00969031264401506
0.0615373569318624
0.107871270827214
0.12750073690798
0.22273822563181
0.241698960685518
0.118216974488247
0.0247270768874912
0.0785193781155732
0.02711706337785
0.107394217959619
0.0371857552740145
0.0583536419308211
0.340261684311943
0.31772031647779
0.215190378482148
0.189249988049759
0.10036194357372
0.0230767116079113
0.0707694244459173
0.0802861820319314
0.169202972697581
0.113747728775858
0.270613455772101
0.110921347957976
0.209767463124113
0.0717901248693868
0.178958011921068
0.24594328031819
0.181970666525064
0.102796216961176
0.0833926636675185
0.162775496334249
0.193843794964732
0.152828826823399
0.107503272971052
0.140502175472723
0.178325289806707
0.165612501661358
0.120006295424616
0.162873332484145
0.120518495313461
0.0812805585960211
0.159900542016734
0.0983791042255534
0.0963346444577953
0.113573963206778
0.100396001099009
0.0880359803678158
0.145084633359106
0.201058379166042
0.212457029490382
0.176410321204372
0.139344495668903
0.226753968740627
0.297588391283692
0.305501119479893
0.322367451081861
0.314367198196666
0.298164504187845
0.274758078500152
0.302385432976843
0.222279067179227
0.164705557651422
0.200697624678196
0.151175420125894
0.150744174315072
0.190602695287148
0.0252778415268423
0.116933340336607
0.173985044635861
0.166764134487417
0.308277654157025
0.204822468796319
0.313297631364275
0.183360324490614
0.155026328924087
0.183152790521711
0.133561541459148
0.194236337601298
0.0923391023608711
0.156357918677969
0.125908668765375
0.145786190199522
0.257972247369047
0.302457419190123
0.342996202758607
0.224500500734741
0.290987799799977
0.283843802349205
0.133573466206991
0.0176925553990917
0.169221732139587
0.194600675821791
0.211473507032023
0.290883913058328
0.282985796544423
0.31274136339192
0.290013195419717
0.271712629818986
0.278192685709321
0.327439248589834
0.315569013544867
0.328934391127681
0.244244845558496
0.259568208663526
0.321496791626957
0.353516698490348
0.318202920298293
0.33365315118369
0.31934656351364
0.315940275079111
0.261521022171407
0.0233009411261157
0.0123542842555709
0.0144988370882554
0.0127248118419408
0.0147349592751483
0.0164337696418622
0.0133176526138545
0.0172342742836299
0.021341033801674
0.0195170582123372
0.0176164959419881
0.0159098539325053
0.0172712775649636
0.0145323511870076
0.013000232148217
0.0124311314637784
0.00764367953901472
0.00730054107587723
0.00779802822531444
0.00680065672537934
0.00861588245206627
0.00998579961482475
0.0100837418896076
0.00794355190777204
0.0123250341360314
0.00904502792167824
0.00658815126220538
0.00708304226025539
0.0081253779090495
0.0101428480927662
0.0121193522670782
0.00818168489822831
0.00781422312833388
0.00817660065141509
0.0158489118579202
0.0128860017767737
0.0138131813721579
0.0116199668768914
0.0102529801675838
0.0110857014926771
0.00995294496767784
0.018448398759083
0.0148245775251363
0.0135486305149175
0.0114097240267111
0.0143192967824099
0.00879046027998308
0.00834732478627166
0.00956361541190479
0.0104749165302503
0.0133331369757368
0.010837394717927
0.00829225040814914
0.00956488957027562
0.0145733603427556
0.0105745700699608
0.0136297092489919
0.0107735766644179
0.0120028869979975
0.0152810168209541
0.0118751888936434
0.0173528730013624
0.0195887218688359
0.0178313997756752
0.0262994561981044
0.0122692908242287
0.0103703404417517
0.015768292884952
0.00695865858580768
0.00962612977428248
0.0538785342652025
0.0338250985234832
0.00941943913543672
0.0114859861052659
0.0257678008107247
0.0119408405285486
0.0107114866053064
0.0675468110465079
0.00749417649634072
0.0157600235272876
0.0250920467702741
0.0152604531357199
0.00676400831698494
0.0116690195580606
0.0164282096345341
0.0374835967016341
0.0148336003118827
0.00730175616872915
0.00457306228695931
0.00375789074826968
0.00428821128229032
0.006963284638997
0.0159253646231239
0.0135305974279868
0.0115577599897066
0.011953552373692
0.0079816622351626
0.0168377378115089
0.00687084874145464
0.0112896165401852
0.00933631739293108
0.00523621006516563
0.00981688288682418
0.00449797526070829
0.00669211150101794
0.0079920160412765
0.00792476252071767
0.00791131637211376
0.00924646885387318
0.00595368227348667
0.00873981969056585
0.00674054589280428
0.00526386429747864
0.00315764237551452
0.00597500082606713
0.00600676921117449
0.0143989489890032
0.0195465835279463
0.0192802231058869
0.0428968877081488
0.0320352349996887
0.0208147821340501
0.0100072926852752
0.0712496890156278
0.0594658101325812
0.0673557303850859
0.0440905446827351
0.0427557121110261
0.093915224054596
0.0953360303266884
0.0723225718725998
0.0816464103871003
0.154185213842379
0.180372774559276
0.166124007476455
0.208260977088025
0.202497212042102
0.241803877465755
0.0950834588924379
0.0449140550379737
0.0919624763644684
0.044026848278762
0.0242753535692035
0.0208020793230818
0.0279929400441273
0.0624056068780248
0.0915052176031523
0.0412451591376803
0.0347714867315012
0.0404334746233363
0.0293162028456394
0.0514733357428507
0.0246028952780589
0.0407709059517373
0.0320236679750397
0.0368384757898703
0.0258994502382657
0.038609558080861
0.0304155362270131
0.0547108128006698
0.0585294250216228
0.0277912493248156
0.0397310279547802
0.0373316741058517
0.0334134514122134
0.0317018717227977
0.0243618866185426
0.0454659490143199
0.0506108926680862
0.0351259634154097
0.0318639365024086
0.0389522435998401
0.0357858881085127
0.0340716863130204
0.264949043818869
0.309443368247775
0.322318306279553
0.292995386363716
0.267617336971077
0.227734570043452
0.218158230112453
0.13025916763911
0.170812303946786
0.316239760387424
0.326546079055392
0.309024410140154
0.320258690249517
0.240472710298617
0.270886463270521
0.148890238380736
0.147978694892456
0.222457185556101
0.276742461660539
0.244613038202939
0.177241865169287
0.243100247862295
0.277994726598525
0.297525278744321
0.289114291968163
0.231804879891687
0.217542402659137
0.198936268967835
0.165106849689637
0.278614102198648
0.209242688675519
0.153347787116131
0.0914427746300582
0.138881755767887
0.272602325889739
0.264792216116532
0.269115125816814
0.228856655003818
0.202325968213031
0.244522463953905
0.235914292197367
0.262628810448008
0.257955781078307
0.102495200048179
0.139626439104405
0.207334683995389
0.110691739020857
0.171738048260413
0.126856900976085
0.218320103620327
0.181056401986178
0.0783809356277675
0.108653441242127
0.114918954356543
0.182642057442135
0.0137826760128781
0.0382079352716412
0.23841121905983
0.00541293327902958
0.00642993193432005
0.00552439677793688
0.00570434968572179
0.00617332864699409
0.00652882316871873
0.00625856239507859
0.00597561198577847
0.00696357233313017
0.0133785517283448
0.0122228481558189
0.0153115354226932
0.0142474733230815
0.00934372996492691
0.00715413975484288
0.00521472342857375
0.00769742608523238
0.00636828430416666
0.0104388078790925
0.00571311241431601
0.00581504642250302
0.00562614908797684
0.00673242888394206
0.00553981644946792
0.00535396708042607
0.00512227252569279
0.00465065706461099
0.00632036104886702
0.00577647332032521
0.00620045302323393
0.00631947587535444
0.00641852082713556
0.00643446494944299
0.00640978024320529
0.00597230739399749
0.00643032758601388
0.00575971035457348
0.00529005942129426
0.00607174813118226
0.00802011247639213
0.00584512521576771
0.00529361899146901
0.00606139429412803
0.00575093114263803
0.00603218070316979
0.00575027379139813
0.00668264324527652
0.00630929394887032
0.00659501106730804
0.00748515412914509
0.00605487246208173
0.00627270728564055
0.00597755722996037
0.00581014437102481
0.00681812696316926
0.00543553338107181
0.006894740783704
0.00515967598273843
0.0576409017036912
0.0627832873673806
0.0330801392738448
0.0406636865074583
0.0357143935285366
0.0584127584946168
0.199557386291123
0.0842173158185739
0.0330928865382427
0.0772457021203423
0.293618770381281
0.106752922979711
0.105942992875545
0.0522307899082723
0.0538513866516809
0.0706389334700197
0.0465191843821436
0.0570886778140839
0.0880745927387967
0.0436607250821479
0.127028370213482
0.283296826203369
0.260402338734749
0.237142540761062
0.258563528216981
0.0337164189685733
0.0173910658958094
0.0617983952542134
0.0374794513019408
0.0251603182968688
0.0528154966183418
0.0527255853773398
0.0356768551329331
0.0258655564202467
0.0206226544163307
0.0576992213566954
0.0189246378911636
0.0352243637088538
0.0701120250853668
0.0363631897040884
0.0805939848453774
0.0329576042773652
0.0351083303277836
0.0138871364605746
0.0279212761788854
0.0404319249170957
0.0479247241868819
0.0501940011915015
0.0515030890621784
0.0287547853387747
0.0236878375740855
0.00550391144337706
0.0986690823357844
0.0508386153821538
0.164710219692256
0.0580020220923275
0.0191203649314322
0.118072556029083
0.070380953860162
0.067501177385688
0.129140117452496
0.128888295392318
0.0554345734970932
0.0224695955605782
0.00583713702217347
0.0189041713334633
0.0157846044997429
0.0132422764542371
0.00471276617209665
0.00671595692880775
0.0056108351386673
0.00583543757824054
0.00692829922803892
0.00539599757119083
0.00612015442967302
0.00226732621246642
0.00319506780101942
0.00349144581036562
0.00266870604192347
0.00494295210905293
0.0035012496290782
0.00327023784702785
0.00267617424398755
0.00306779623325813
0.00265673389009092
0.00323718194471815
0.00621627163600066
0.0158985952176827
0.0111082468004154
0.0115461611872829
0.00995944991106251
0.00839289830553286
0.00989888792302556
0.010341718841955
0.0137275125999693
0.0179626443495458
0.00818401145459569
0.011698686227522
0.0136398379187706
0.00976150478379564
0.0159804220136256
0.0157827915962428
0.0151092198087843
0.0115358490237624
0.0172886257316176
0.014760776028496
0.0107428555831044
0.013550940799397
0.00920222277325637
0.0114247650678968
0.0177908917278229
0.0497801528185
0.0600828564245382
0.179131542827263
0.0938772794555768
0.0166246062529171
0.128404141571734
0.231427030833973
0.148937053738663
0.195256449452519
0.242388800439061
0.252935957893775
0.220623806355632
0.212590693187053
0.170953456614611
0.237434851754118
0.214383000257442
0.168536296997978
0.229150048737904
0.17645547528801
0.171702843819202
0.200688056724847
0.185677688966773
0.209690586230668
0.205210849359577
0.1676964294903
0.189822850638607
0.00632115945734034
0.0220828695654316
0.191765778137457
0.227537119708083
0.196386206374833
0.219635206258782
0.226881834261663
0.139956571452634
0.0496313400276754
0.0543888127811601
0.00586135452743327
0.00911727460475037
0.130336589304646
0.0844642604842893
0.116178652057019
0.107246909609623
0.0930437966481592
0.0965451950624305
0.181892451840154
0.106126158999293
0.0947887431393816
0.0953190190986339
0.145573614415417
0.163779759743142
0.0819541226846639
0.181479814181407
0.257210836888901
0.202284618366918
0.207290773063202
0.136748248588833
0.205609491591609
0.262028347953344
0.202099212625984
0.167287422691502
0.218391416373538
0.202095915413374
0.120479754258862
0.0771310741349043
0.130117144719368
0.223854471501863
0.0958395497798584
0.214745392958708
0.189929237314526
0.228383537196619
0.172407639114861
0.138050716492914
0.101596257465716
0.0650182581982034
0.135790057454619
0.186641664925497
0.159111101902894
0.0931572059584536
0.296455649145492
0.318627854922438
0.305163647052924
0.0822950496212462
0.204117282473665
0.0393689310629173
0.220252848622548
0.224880686065652
0.22025185065357
0.0600068401625422
0.16564368268774
0.162051570183716
0.181974346041672
0.127744460656017
0.196861644520038
0.176445029604299
0.114785233733029
0.275634068962713
0.212977223354077
0.217914036310083
0.158697112750355
0.163276714148604
0.0124784877861248
0.036787901456594
0.164562777998303
0.209137044348241
0.21347339526887
0.111098793912165
0.117517257558988
0.0815863515891474
0.095070467030838
0.125049534976894
0.194557770565276
0.135516321202064
0.125032897135318
0.0731715663179057
0.186748509599274
0.0865589231043422
0.00667527943801031
0.00606451284658162
0.0901821492274872
0.144159491353153
0.0992615127560473
0.00857508195195574
0.00541544806588266
0.00400084918444692
0.00409407708161722
0.00506478509222641
0.00512963725357876
0.00598573195608257
0.00696242117072302
0.00232317160046856
0.0055355404598346
0.00508727646853652
0.00370955979105607
0.00322398494072533
0.00310201873799597
0.00301365539650314
0.00697826094316358
0.00650311077873128
0.00506241897395126
0.00460668915508253
0.00620129986493024
0.0059102378216266
0.00526452625066214
0.00442732634097438
0.00544713752801688
0.0034762374113922
0.00662907063345452
0.0075584549619414
0.00550232127011892
0.00483403450264801
0.202144621588658
0.0100134407314302
0.00919891272242588
0.00922205119827671
0.00847088304089477
0.00961644104600794
0.00862994936380522
0.00776314886937498
0.00818238007377037
0.0180169052739967
0.00870269545349238
0.0076634878146075
0.00739887801296663
0.00753972508060905
0.0083621308008894
0.00824536964182053
0.00881777149700273
0.0116335329993488
0.0103758717463347
0.00895344620305704
0.00958074187934597
0.00821262652108808
0.00719558392844126
0.00934759940990603
0.00955031947060368
0.00828027752420786
0.00844539490236623
0.0101317278697556
0.00826326772405377
0.0105041635123193
0.0111515138447807
0.00802336852244835
0.0082278983830684
0.00836988906908477
0.0245057530268894
0.00718104427258347
0.00724374919867529
0.00668172714141352
0.0120616083196141
0.00618262583031022
0.00626020979450751
0.00814201223446935
0.00703347595222454
0.00887407146432523
0.00907598202108272
0.00754900601694099
0.00642453219565413
0.0126594726810841
0.00635166403665029
0.0219224945446797
0.194237622077767
0.029302102678211
0.00859118769216093
0.00959642750131829
0.0076412024059524
0.00899880027324373
0.00801412391140651
0.0120232375568302
0.00760222358165512
0.00671915392968747
0.00464975871031343
0.00630852982429192
0.00677004772934822
0.00744568556475381
0.00938421022276327
0.011296325105117
0.0272114503681628
0.022106518808667
0.0189475058403973
0.0107106901603208
0.0078690283812889
0.00430827222539516
0.00408284049229445
0.00375401130602669
0.0032928579341915
0.00434222850220724
0.00452966930421743
0.00401320050689568
0.005282570325206
0.00488756593308617
0.00391514956582622
0.00341456772800343
0.00488996985302552
0.00399526946773798
0.00401924698004124
0.00555545575080791
0.00397705044902759
0.040981262165342
0.022043579473057
0.00984482071420218
0.0104829779503841
0.00829722189446857
0.0291564487358867
0.0190541479566982
0.00856742811875408
0.01317903395752
0.0132054808123102
0.0200854927897761
0.0122124715216186
0.0153442929891576
0.0237928984214557
0.094304070522404
0.0281825715763371
0.00782100451568832
0.0176031144353172
0.0141650310114278
0.0162697832034209
0.013601006501965
0.00830739947928843
0.0090412560522501
0.00734995278000098
0.0102530011247584
0.0169712309935044
0.0167374415455219
0.00743169962860285
0.0271428530982726
0.0716637561804763
0.0398075395789762
0.0371052911719826
0.049983337610465
0.0445688854699077
0.041582812335095
0.0353895801972912
0.0777038073042527
0.0501806060308317
0.227997178977492
0.0318814972770572
0.019682643417878
0.0262014731579353
0.0169945704407355
0.0191788662845031
0.0576253348860414
0.0327924465588871
0.0448726640251277
0.0587106180480476
0.0412534237416868
0.0280378128574482
0.144045446845781
0.0551733763569981
0.0404849658610921
0.0462110456635077
0.0461663539323381
0.0396344721284432
0.0432650198880108
0.0246606324370983
